3.00 0.0011450092633350738
3.02 0.0011806625408974712
3.04 0.0012174756801187746
3.06 0.0012555030548098147
3.08 0.0012948034842929133
3.10 0.0013354378774121237
3.12 0.0013774725379022833
3.14 0.001420977165305163
3.16 0.0014660264130085241
3.18 0.0015126997356237134
3.20 0.0015610823751662415
3.22 0.0016112644522970037
3.24 0.0016633434359198923
3.26 0.0017174231400163122
3.28 0.0017736146952225464
3.30 0.0018320379303750078
3.32 0.00189282111616935
3.34 0.0019561020336411514
3.36 0.0020220293333208946
3.38 0.002090763119315949
3.40 0.0021624763240495745
3.42 0.002237355379683795
3.44 0.002315602851322539
3.46 0.002397437102330549
3.48 0.0024830954820633496
3.50 0.002572836144914472
3.52 0.0026669394863998476
3.54 0.0027657119255100216
3.56 0.00286948674593551
3.58 0.0029786297469804515
3.60 0.0030935389935256687
3.62 0.003214653701290616
3.64 0.0033424553621873403
3.66 0.00347747468281256
3.68 0.0036202964333169564
3.70 0.003771568211770546
3.72 0.003932006564224878
3.74 0.004102407525956627
3.76 0.004283654590608718
3.78 0.004476737083072016
3.80 0.004682759877115594
3.82 0.00490301490760936
3.84 0.005138784977415512
3.86 0.005391722477209926
3.88 0.005663547115288887
3.90 0.005960590444578577
3.92 0.006276806065086155
3.94 0.006620552738899358
3.96 0.006991221779485537
3.98 0.007394177319286874
4.00 0.007833400796417776
4.02 0.008313519119143098
4.04 0.00883991682197607
4.06 0.00941890357858197
4.08 0.010057898745350307
4.10 0.010765696659004804
4.12 0.011552705822907492
4.14 0.012431482247982519
4.16 0.013417046278645305
4.18 0.014527686280417297
4.20 0.015787622154635087
4.22 0.01722059762042743
4.24 0.018863612358336175
4.26 0.020757638196609095
4.28 0.02295790284593037
4.30 0.025536712298030582
4.32 0.028579019020578855
4.34 0.03220884875715733
4.36 0.03658752668486719
4.38 0.04195173880760769
4.40 0.048660215697185684
4.42 0.05729352205490589
4.44 0.06882152939063638
4.46 0.08484541838198179
4.48 0.10786209913108886
4.50 0.14140652248895244
4.52 0.18984566280474974
4.54 0.25758420268558374
4.56 0.3473907561561281
4.58 0.45703609682554924
4.60 0.5726224554820181
4.62 0.6611161020359987
4.64 0.6808991283257562
4.66 0.6206242932340977
4.68 0.5128010711388946
4.70 0.3977767873870432
4.72 0.29796154804943237
4.74 0.2200649292301125
4.76 0.16312275990150843
4.78 0.12323029324299202
4.80 0.0958636630149076
4.82 0.07703995455300092
4.84 0.06377337861606197
4.86 0.05406959581787745
4.88 0.04669265967885848
4.90 0.04090352599138653
4.92 0.03625423686213543
4.94 0.03245988678532489
4.96 0.0293274662854585
4.98 0.026718895752336717
5.00 0.02453154930252757
5.02 0.02268730779929753
5.04 0.021125733319771203
5.06 0.01979954044475717
5.08 0.01867134650908084
5.10 0.017711390206660012
5.12 0.016895777947326787
5.14 0.016205252977328475
5.16 0.0156242273232028
5.18 0.015142445182359911
5.20 0.014744802410504581
5.22 0.014426568971248215
5.24 0.014178626918285985
5.26 0.013996830207288254
5.28 0.013877004276543616
5.30 0.013815991829260294
5.32 0.013811550465775693
5.34 0.013862261928164475
5.36 0.013967485732997978
5.38 0.01412732214059009
5.40 0.01434261467152871
5.42 0.014614940681458754
5.44 0.014946683595383974
5.46 0.015341026055637223
5.48 0.015802107984717206
5.50 0.016335076194502154
5.52 0.01694626720154422
5.54 0.017643381473621787
5.56 0.01843572422129516
5.58 0.019334492976482
5.60 0.02035322018836889
5.62 0.021508201267074856
5.64 0.0228191770514548
5.66 0.024310186911686602
5.68 0.026010532988606474
5.70 0.027956284061836437
5.72 0.030193038749111382
5.74 0.032774823998131836
5.76 0.03577330587940086
5.78 0.039277103588878655
5.80 0.04340204175124563
5.82 0.048299227044439466
5.84 0.05417146991074631
5.86 0.06130135533508607
5.88 0.07010445648405
5.90 0.08123056437924925
5.92 0.09574570662765759
5.94 0.11541985335868013
5.96 0.143097688492266
5.98 0.18302476795762998
6.00 0.24087081736571225
6.02 0.32311710510530817
6.04 0.4354621975184274
6.06 0.5796012315709329
6.08 0.7465811216697701
6.10 0.9053916791165914
6.12 0.9991244809274701
6.14 0.9796601361574997
6.16 0.8586107001678777
6.18 0.6932197150475126
6.20 0.5328103877777699
6.22 0.39983755524573616
6.24 0.2988291045258043
6.26 0.2263321509998464
6.28 0.17617264860620957
6.30 0.142041126429338
6.32 0.11872857127482199
6.34 0.10249560506748628
6.36 0.09091772451108085
6.38 0.08252525157444371
6.40 0.07645476530977338
6.42 0.07220004599073093
6.44 0.06946180812086865
6.46 0.06807218833201618
6.48 0.0679557653662713
6.50 0.06911778822517274
6.52 0.07164622663634924
6.54 0.07573305888653606
6.56 0.08172493764846836
6.58 0.09022515882523298
6.60 0.10227344473425962
6.62 0.11961587972740378
6.64 0.14502038362363398
6.66 0.1824913043980232
6.68 0.2371445327289473
6.70 0.31445102224195265
6.72 0.4185297290358965
6.74 0.5486814675169793
6.76 0.6923293853560156
6.78 0.8152951337347007
6.80 0.8667354692335215
6.82 0.8189740849596805
6.84 0.6979955771222376
6.86 0.5540285924942667
6.88 0.42212001661415915
6.90 0.3158259041280283
6.92 0.23635200869862097
6.94 0.17976956011690476
6.96 0.1406435766122889
6.98 0.11382844207737097
7.00 0.09526963195093435
7.02 0.08216647811353837
7.04 0.07278337327065834
7.06 0.06616039846327684
7.08 0.061870228316899416
7.10 0.0598592975849274
7.12 0.060341750562049296
7.14 0.06369038258936026
7.16 0.07027178820948056
7.18 0.08015440352283602
7.20 0.09252980155392856
7.22 0.10471794993272072
7.24 0.11175912400789713
7.26 0.10921552194187924
7.28 0.09762056541366174
7.30 0.08175595927229917
7.32 0.06611937437740431
7.34 0.05290769268157567
7.36 0.04263230958203677
7.38 0.03502447502777353
7.40 0.029540273411930804
7.42 0.025607328977057277
7.44 0.022742801641201172
7.46 0.020592471203190695
7.48 0.01892096412082158
7.50 0.0175813555129724
7.52 0.016483867618414198
7.54 0.01557257959969029
7.56 0.014810926727025265
7.58 0.014173781125957323
7.60 0.013643188186842504
7.62 0.013206153777347823
7.64 0.012853533218437008
7.66 0.012578620794952445
7.68 0.012377758555292287
7.70 0.01224912535252957
7.72 0.0121932712382767
7.74 0.012212935030466882
7.76 0.01231323008112464
7.78 0.01250228541283913
7.80 0.01279187337542613
7.82 0.013198827340645383
7.84 0.013747490713051171
7.86 0.01447417475066635
7.88 0.015435470058561636
7.90 0.016721970701907618
7.92 0.018478059938557
7.94 0.02092432363304262
7.96 0.02437269257932001
7.98 0.029219199974561544
8.00 0.035897748762585134
8.02 0.044774157269993835
8.04 0.05591982764004106
8.06 0.06863902685123441
8.08 0.08089629909957388
8.10 0.08992515485274805
8.12 0.09494154311268689
8.14 0.09859073207583277
8.16 0.10454247287292205
8.18 0.11445710514896222
8.20 0.12645886480569044
8.22 0.13483289994169562
8.24 0.13303424422426297
8.26 0.1197223751501076
8.28 0.09981593936034022
8.30 0.07931540831775877
8.32 0.0616511134158095
8.34 0.04783862940009938
8.36 0.03766427834296665
8.38 0.03045363709056974
8.40 0.025445275799772384
8.42 0.02197091201610386
8.44 0.01952453103923828
8.46 0.017762485285612403
8.48 0.01646540024756113
8.50 0.01550152985721533
8.52 0.014788999303210452
8.54 0.01427802289210804
8.56 0.013933366052337396
8.58 0.013734260379504435
8.60 0.013664406169562212
8.62 0.013715318592024472
8.64 0.01388241860848861
8.66 0.014164783739338216
8.68 0.014565514858167174
8.70 0.015092410088653259
8.72 0.01575376901964011
8.74 0.016566355992439198
8.76 0.017549199109065806
8.78 0.01872953167865323
8.80 0.0201420192495794
8.82 0.021831909489980567
8.84 0.023858293245935688
8.86 0.02630008137295148
8.88 0.0292645725696551
8.90 0.032905004474783096
8.92 0.03745092282845533
8.94 0.0432661395221918
8.96 0.05094150670831852
8.98 0.06142875236977514
9.00 0.07618228208810265
9.02 0.09724280059303778
9.04 0.12714836464647383
9.06 0.16855079957354466
9.08 0.22336550847226797
9.10 0.29096523208922664
9.12 0.3645877215011478
9.14 0.42736225724693505
9.16 0.4572811731901143
9.18 0.4459005980680023
9.20 0.4073647058054163
9.22 0.36362590882323115
9.24 0.3273679642846114
9.26 0.297888478305233
9.28 0.26701484100847866
9.30 0.22957022910887054
9.32 0.1883191870772781
9.34 0.14933045323028327
9.36 0.1165197862249391
9.38 0.09080483148062739
9.40 0.07147905308232679
9.42 0.05729377842212277
9.44 0.046961744499153586
9.46 0.039374669643136004
9.48 0.033681903837241935
9.50 0.02928591423794218
9.52 0.025791896937749425
9.54 0.022946662048662657
9.56 0.020586764712900687
9.58 0.018603195923827996
9.60 0.016918421146277257
9.62 0.01547672715762198
9.64 0.014235447765824832
9.66 0.013161825064915937
9.68 0.012230783885830277
9.70 0.011422904302798657
9.72 0.01072471306720065
9.74 0.01012682182288168
9.76 0.009626331417903429
9.78 0.00922698192689898
9.80 0.008940136938545578
9.82 0.008784237763856414
9.84 0.00878131297559137
9.86 0.00895021334261716
9.88 0.009288344887862001
9.90 0.009743683467583626
9.92 0.010165030031344417
9.94 0.010307323349239929
9.96 0.00999508268833357
9.98 0.009287612285093994
10.00 0.008408371008959926
10.02 0.007560679617895355
10.04 0.006846241384881272
10.06 0.006289266200352588
10.08 0.005877354521740615
10.10 0.0055855902715364275
10.12 0.005388371764441775
10.14 0.005264999965820207
10.16 0.0052012778587590906
10.18 0.005189773517660776
10.20 0.005228508332937614
10.22 0.005319905351740679
10.24 0.005470848696865041
10.26 0.005693333573450958
10.28 0.006007285847552238
10.30 0.00644468758219403
10.32 0.0070595613759834065
10.34 0.007939398814448159
10.36 0.009218608461514741
10.38 0.011087248705638177
10.40 0.013783544262639346
10.42 0.01755862497029662
10.44 0.022597088908437545
10.46 0.02884726757158083
10.48 0.035681861236855184
10.50 0.041499777122218126
10.52 0.04409146612041967
10.54 0.04232886369202199
10.56 0.03717408944761244
10.58 0.030623745371368208
10.60 0.02427142042859633
10.62 0.018889276372813138
10.64 0.01468441205629969
10.66 0.011574189288428393
10.68 0.009351501307140587
10.70 0.007785762304443522
10.72 0.00667765271742467
10.74 0.005877762490612257
10.76 0.005284119943592189
10.78 0.004831035989795471
10.80 0.004477333848581924
10.82 0.004196979705463052
10.84 0.0039731472704765845
10.86 0.00379431868931499
10.88 0.003652507039606322
10.90 0.0035419319198364044
10.92 0.003458337397502955
10.94 0.003398679142483612
10.96 0.003360810810102051
10.98 0.00334329063462224
11.00 0.003345335629638055
11.02 0.0033667042830042818
11.04 0.003407704206013312
11.06 0.0034691814068926598
11.08 0.003552559490722996
11.10 0.0036600683016728376
11.12 0.0037942722296820755
11.14 0.003959108566202819
11.16 0.004159674904395718
11.18 0.004402377079241189
11.20 0.004695989640518679
11.22 0.005052209818633494
11.24 0.005487261020070889
11.26 0.006024774303898114
11.28 0.006701028571834773
11.30 0.007573910042268152
11.32 0.008736930404952756
11.34 0.010336607040649187
11.36 0.012588324085396915
11.38 0.015778098985746752
11.40 0.020238411298637283
11.42 0.026278131146356843
11.44 0.03403237449188856
11.46 0.043145818541905516
11.48 0.05223285149874626
11.50 0.058664939431490155
11.52 0.059988433476424914
11.54 0.05613415506547544
11.56 0.04940739544569512
11.58 0.04260651175262769
11.60 0.03757267010995256
11.62 0.035012535842729876
11.64 0.03483609679800439
11.66 0.036277483572002535
11.68 0.037838925847014794
11.70 0.03774644621352282
11.72 0.035155096593283454
11.74 0.030668591832502177
11.76 0.025577207021824158
11.78 0.020915857441599423
11.80 0.017147268619598973
11.82 0.014332487052608036
11.84 0.012354032205986033
11.86 0.011040982811214687
11.88 0.010229734968873458
11.90 0.009790570538243766
11.92 0.009634560598285486
11.94 0.009709792386818865
11.96 0.009993806831837093
11.98 0.010487327434987793
12.00 0.011211955140305891
12.02 0.012212701541506752
12.04 0.013569881233930648
12.06 0.015419539728243075
12.08 0.01798682191568927
12.10 0.02162704631547846
12.12 0.02686137460191925
12.14 0.03437707894467275
12.16 0.04496333115810872
12.18 0.0593306028573465
12.20 0.07773365701663085
12.22 0.09915899952516351
12.24 0.12001105656559888
12.26 0.13377074161197552
12.28 0.134672497282209
12.30 0.12267670595906299
12.32 0.10299140552753182
12.34 0.0818140817196826
12.36 0.06313048440815314
12.38 0.04839030790356269
12.40 0.03757929316994779
12.42 0.030105113334964417
12.44 0.025255910775085967
12.46 0.022411962063346336
12.48 0.021116480513474676
12.50 0.02104891668321752
12.52 0.021950291773499647
12.54 0.02357706461496669
12.56 0.025665312091406614
12.58 0.027736092499523357
12.60 0.02891305086958761
12.62 0.028319946081699455
12.64 0.025849823780958243
12.66 0.022215117267882573
12.68 0.018355316443252084
12.70 0.01491709755809579
12.72 0.012146159628171449
12.74 0.010039545988722153
12.76 0.008491682715657698
12.78 0.00737228481705499
12.80 0.0065621982032032155
12.82 0.005967519595449844
12.84 0.0055215088193723725
12.86 0.005180030643728528
12.88 0.004915025018012121
12.90 0.004708968737211266
12.92 0.00455018878564818
12.94 0.004431277809550151
12.96 0.004346853607189977
12.98 0.004293475040498196
13.00 0.004268253273129786
13.02 0.004270018983666887
13.04 0.004297424142690029
13.06 0.004350421693712604
13.08 0.004429587699017725
13.10 0.004535725698505557
13.12 0.004670605216948277
13.14 0.004836588900809026
13.16 0.005036842088755051
13.18 0.005275466407017576
13.20 0.00555809200563373
13.22 0.005890654956556026
13.24 0.006282044782315335
13.26 0.006743274566188637
13.28 0.0072879881589623715
13.30 0.007934663355018124
13.32 0.008707493179863132
13.34 0.009639867263953578
13.36 0.01077959795402774
13.38 0.012197789619726384
13.40 0.014005242707459023
13.42 0.016376923456490076
13.44 0.019586072637388405
13.46 0.024037778412379012
13.48 0.030286391271599242
13.50 0.03900090083728269
13.52 0.05085588657514714
13.54 0.0663134135000405
13.56 0.08519857112040895
13.58 0.1057595258390716
13.60 0.12354456300094488
13.62 0.13239431114245903
13.64 0.1289201798039579
13.66 0.11515893966115373
13.68 0.0963931875382641
13.70 0.07774432707951927
13.72 0.06217225828800294
13.74 0.050616146374030946
13.76 0.04297816531609841
13.78 0.03883034530193858
13.80 0.037771964428174966
13.82 0.039570924239174944
13.84 0.04417205784299875
13.86 0.051577547792037215
13.88 0.0615439720550288
13.90 0.0730472937030818
13.92 0.0839749809994685
13.94 0.09225140335092506
13.96 0.0976895912704713
13.98 0.10176810303420536
14.00 0.10560323792685766
14.02 0.10798739523567198
14.04 0.10583196927761278
14.06 0.09742809324603262
14.08 0.084124670455587
14.10 0.06896803347217244
14.12 0.05477547389875021
14.14 0.04302665413075093
14.16 0.034013597875387866
14.18 0.027441258101737726
14.20 0.02283232280866067
14.22 0.019723355222390947
14.24 0.017745585775784608
14.26 0.01664879693640935
14.28 0.016285243255935646
14.30 0.016571966397527796
14.32 0.01743995997234836
14.34 0.01878604722758245
14.36 0.020423393395940417
14.38 0.022038698898984733
14.40 0.023334578651442166
14.42 0.024347260156045037
14.44 0.02547627201505414
14.46 0.02720332091699975
14.48 0.029735978739879175
14.50 0.03271061091965527
14.52 0.03524848884166817
14.54 0.0364562477632638
14.56 0.03579349886783496
14.58 0.033232272212082845
14.60 0.029363513374456363
14.62 0.025050221463811456
14.64 0.021046556956558916
14.66 0.017803561706331236
14.68 0.015457842775941779
14.70 0.013964092641521455
14.72 0.013225973883828956
14.74 0.013173410339729609
14.76 0.013807264537905421
14.78 0.015226436336316993
14.80 0.01764094717382446
14.82 0.02136293973272038
14.84 0.026762375681302984
14.86 0.03416751967831555
14.88 0.043650836367651755
14.90 0.05458770670588381
14.92 0.06499505737471262
14.94 0.07157387399030518
14.96 0.07175058193383532
14.98 0.06570898601077906
15.00 0.0557676200479726
15.02 0.04478297039420608
15.04 0.03483240816348635
15.06 0.026789604379339405
15.08 0.020716202392723447
15.10 0.016322475975202456
15.12 0.013224811143879849
15.14 0.011065697830856282
15.16 0.009559982877717461
15.18 0.00850117507908418
15.20 0.007747185013103413
15.22 0.007201194084990241
15.24 0.006803150966175168
15.26 0.0065287509758714755
15.28 0.006381319350158158
15.30 0.00638405488664608
15.32 0.006576659673567942
15.34 0.007018041882381402
15.36 0.007792426026082599
15.38 0.00901073944010553
15.40 0.010798793749007302
15.42 0.013266047476196592
15.44 0.01645722449464485
15.46 0.02026571048291201
15.48 0.024236330742884882
15.50 0.027375944500415007
15.52 0.028524077300780035
15.54 0.027261797309124793
15.56 0.024127005955188064
15.58 0.020112009775895712
15.60 0.016160570326384977
15.62 0.01282202718106181
15.64 0.010259050146012498
15.66 0.00842658908364598
15.68 0.007210668874719602
15.70 0.006498186167904516
15.72 0.006208698234920688
15.74 0.006302888954311568
15.76 0.006775659873391316
15.78 0.007635311338294583
15.80 0.008864040889814238
15.82 0.010344531880222102
15.84 0.011760583783087492
15.86 0.012620996453263781
15.88 0.012576828331435587
15.90 0.011684357516743162
15.92 0.010282936638304773
15.94 0.008786733954803838
15.96 0.0075109977325469686
15.98 0.006598315524795478
16.00 0.00606130635800606
16.02 0.005837092459673781
16.04 0.0058223085587488
16.06 0.00591858568926735
16.08 0.006076299696119703
16.10 0.006308577794037102
16.12 0.006694767284705688
16.14 0.00734426719740965
16.16 0.008337200058502121
16.18 0.009654669183488021
16.20 0.0110799047608408
16.22 0.01215450384356161
16.24 0.012409315649008365
16.26 0.011732935646342653
16.28 0.010374865535925655
16.30 0.008735534890788668
16.32 0.0071877227948736275
16.34 0.005950374207307517
16.36 0.005097569981882722
16.38 0.004630216141157666
16.40 0.00452402062865895
16.42 0.004746465696302855
16.44 0.005247991801744996
16.46 0.0059253653996317115
16.48 0.006570321613158824
16.50 0.006898394898258496
16.52 0.006731520551592791
16.54 0.0061125553321789575
16.56 0.005219344747514092
16.58 0.004262395043057312
16.60 0.003398889329675966
16.62 0.002695741041815022
16.64 0.002156279986841103
16.66 0.0017560339743876263
16.68 0.0014634005168502908
16.70 0.0012489437380581395
16.72 0.0010892021163616834
16.74 0.0009671752497442606
16.76 0.0008713868267942329
16.78 0.0007944136748597495
16.80 0.0007314936354269555
16.82 0.0006794717688160916
16.84 0.0006363367201626464
16.86 0.000600597359674713
16.88 0.0005712615091249143
16.90 0.0005475451991384701
16.92 0.0005289494215118158
16.94 0.0005151648815115463
16.96 0.0005060822287333929
16.98 0.0005017285921622967
17.00 0.0005024426029301674
17.02 0.0005088978930247807
17.04 0.0005223032763272753
17.06 0.0005446129622164723
17.08 0.0005788283170771032
17.10 0.000629228213728983
17.12 0.0007009297942550479
17.14 0.0007996231303011575
17.16 0.0009300409316043395
17.18 0.0010924134128144686
17.20 0.0012755454385186412
17.22 0.001449771470753735
17.24 0.0015749009606551645
17.26 0.0016287637222231711
17.28 0.0016205175501272364
17.30 0.0015812603160456006
17.32 0.0015536737044247477
17.34 0.0015791094223366387
17.36 0.0016916557179537382
17.38 0.0019198998422224661
17.40 0.002288720475483661
17.42 0.0028157940489710203
17.44 0.003498058404184487
17.46 0.004279166414308594
17.48 0.005008362098614135
17.50 0.005466164902331224
17.52 0.0055180594269504625
17.54 0.005205378287892098
17.56 0.004666130657455238
17.58 0.004056909394531606
17.60 0.003487085131210817
17.62 0.002990607155384453
17.64 0.0025654851601454305
17.66 0.002206937456504243
17.68 0.0019128134285627632
17.70 0.0016836211752167263
17.72 0.0015169693924484905
17.74 0.0014049057057753849
17.76 0.0013385031046694042
17.78 0.0013096668737818163
17.80 0.0013130843088936194
17.82 0.001345680761013252
17.84 0.0014076109320652077
17.86 0.0015013704111398172
17.88 0.0016310528382658107
17.90 0.0018010146053361739
17.92 0.0020129058086605406
17.94 0.0022596547066127226
17.96 0.002516789614106983
17.98 0.0027431288782134894
18.00 0.0029076194336763827
18.02 0.003014816498734927
18.04 0.003093908076971772
18.06 0.003182918792596315
18.08 0.003319086390760257
18.10 0.0035294383095197334
18.12 0.0038321668199360124
18.14 0.004244988460438078
18.16 0.004794006410510395
18.18 0.005520971325327693
18.20 0.00649166384380389
18.22 0.007803090660183345
18.24 0.009587423338819121
18.26 0.01200926274942036
18.28 0.015247876333031122
18.30 0.019446566218355173
18.32 0.024592439564259046
18.34 0.030323177633684795
18.36 0.03589414809344864
18.38 0.04065463123214715
18.40 0.04442281066157137
18.42 0.04703664038147554
18.44 0.048126359153633766
18.46 0.04763150811265643
18.48 0.04599570768948117
18.50 0.043833602979416596
18.52 0.04193343077988691
18.54 0.04106672124341689
18.56 0.04148399836514446
18.58 0.04260880553871876
18.60 0.04307778370417352
18.62 0.04165309264235924
18.64 0.038144952710115546
18.66 0.03315029983168453
18.68 0.027561643818392562
18.70 0.022292055181533654
18.72 0.01791117047691662
18.74 0.01458546636021442
18.76 0.012255366246039151
18.78 0.010790564392266812
18.80 0.010065989012172118
18.82 0.00998867629085201
18.84 0.010487968755932468
18.86 0.01147097801079906
18.88 0.012733024751711829
18.90 0.013863056918281602
18.92 0.014345372850218233
18.94 0.013924150447893587
18.96 0.012725082440183964
18.98 0.011040911470721601
19.00 0.009218469749116298
19.02 0.007551875792650227
19.04 0.006185768577978516
19.06 0.005138960555741624
19.08 0.004372178982895824
19.10 0.0038294987237204956
19.12 0.0034586771525155816
19.14 0.0032186110889712446
19.16 0.0030819897720342324
19.18 0.003033099858472679
19.20 0.0030646880247484996
19.22 0.003173689699812635
19.24 0.0033549368705053004
19.26 0.003591379101202722
19.28 0.0038453699135044556
19.30 0.004072401089164964
19.32 0.0042614411041080385
19.34 0.00444740138468286
19.36 0.004690690034781854
19.38 0.005069841031826755
19.40 0.0056721467036875035
19.42 0.006581059819888935
19.44 0.00786957366536651
19.46 0.009585309606369502
19.48 0.011705188902869314
19.50 0.014051206720641283
19.52 0.016256390546558152
19.54 0.0179724749599813
19.56 0.01919192470499889
19.58 0.0202157121386136
19.60 0.02141477459137399
19.62 0.023066013917244377
19.64 0.025140895444506546
19.66 0.027172248983032644
19.68 0.028462067144127075
19.70 0.028634730393008474
19.72 0.027906287146406743
19.74 0.026809750679040772
19.76 0.025938783210302067
19.78 0.025704471185385328
19.80 0.026008509414630458
19.82 0.026168418064989447
19.84 0.025411248780668833
19.86 0.023526712538203955
19.88 0.020786622347083672
19.90 0.01761540304036803
19.92 0.014505395430199535
19.94 0.011825603654253896
19.96 0.009705806909821814
19.98 0.008120816521562166
20.00 0.006994398819497951
20.02 0.006248319733386988
20.04 0.005819114832045526
20.06 0.005655663174795108
20.08 0.005701206394460834
20.10 0.005871655805052742
20.12 0.006063701501871668
20.14 0.006222490228661579
20.16 0.006368401712685488
20.18 0.0065992127111746905
20.20 0.006991052903903456
20.22 0.007573748626546636
20.24 0.008271527241065182
20.26 0.00886908745759407
20.28 0.009148396639556914
20.30 0.009085752093397341
20.32 0.00882468327045849
20.34 0.008567674404715377
20.36 0.008556096029136675
20.38 0.009010202385342328
20.40 0.010066731989929642
20.42 0.011755890522788857
20.44 0.013940423684441034
20.46 0.01619168288755294
20.48 0.017782961595039514
20.50 0.01811168627542564
20.52 0.01715015877105952
20.54 0.015236454690220577
20.56 0.012796169574017363
20.58 0.010303180480582576
20.60 0.008115118608556543
20.62 0.00637522251919602
20.64 0.0050773488939597385
20.66 0.004152565174613979
20.68 0.0035169831101516105
20.70 0.003092291235015973
20.72 0.0028173162075327274
20.74 0.002653684178847548
20.76 0.0025777330704559137
20.78 0.0025675196807190197
20.80 0.0025966252632373308
20.82 0.00263529489458076
20.84 0.0026510885221318276
20.86 0.002616807264655493
20.88 0.002522604948926004
20.90 0.0024155509748382004
20.92 0.002324518370431673
20.94 0.002265898008394686
20.96 0.002253836047313856
20.98 0.002300320735616647
21.00 0.002425898747287054
21.02 0.0026551556239424235
21.04 0.003009127350365479
21.06 0.0034927650161186603
21.08 0.004064075431653532
21.10 0.004601733621118556
21.12 0.004938495469864163
21.14 0.004988724289144923
21.16 0.004798722812371994
21.18 0.004460776027637752
21.20 0.004079638320408403
21.22 0.003762948779270322
21.24 0.003582007202983973
21.26 0.003574496950953338
21.28 0.003772313447027325
21.30 0.004207482465887289
21.32 0.0049048054314809715
21.34 0.0058594989903847355
21.36 0.006987773787332844
21.38 0.00805686115041373
21.40 0.008731289468028767
21.42 0.00881589597696883
21.44 0.00838365130023209
21.46 0.007613509519084436
21.48 0.006710782482440568
21.50 0.005904151642110489
21.52 0.005363574034549891
21.54 0.0051605123637362416
21.56 0.00528904233321042
21.58 0.005674285362615157
21.60 0.006159161424294428
21.62 0.006544087693649567
21.64 0.006726911059196997
21.66 0.006760179750835717
21.68 0.006744939433261938
21.70 0.00677197795896033
21.72 0.006886047481937077
21.74 0.007010136135930489
21.76 0.0069870826127830495
21.78 0.006745659700008181
21.80 0.0063308266319449915
21.82 0.00579796900356955
21.84 0.005197533244758131
21.86 0.004593538216196398
21.88 0.004051853007524856
21.90 0.0036216474391933193
21.92 0.003333933912329922
21.94 0.0032202197270665297
21.96 0.0033118371674840386
21.98 0.0036245408597593174
22.00 0.004143319426223698
22.02 0.0047935456332258
22.04 0.0054045167702943585
22.06 0.005748982171114346
22.08 0.0057062635202955805
22.10 0.005329913909459775
22.12 0.004728518763458752
22.14 0.004019816951648336
22.16 0.003336197028011555
22.18 0.002768870048458315
22.20 0.002338529452048201
22.22 0.0020155345372740645
22.24 0.0017531955938566196
22.26 0.0015203484665434767
22.28 0.00130538977214635
22.30 0.0011057022363432228
22.32 0.0009246828892671243
22.34 0.0007697862098285
22.36 0.000645814026572426
22.38 0.000550808406412001
22.40 0.00048426837834069606
22.42 0.00044253782117139413
22.44 0.00042151110161040223
22.46 0.0004184001089466811
22.48 0.0004301758087215977
22.50 0.0004522749729805832
22.52 0.0004783445049739267
22.54 0.0005038596276126586
22.56 0.0005302361684823275
22.58 0.0005625570979213317
22.60 0.0006060811670871609
22.62 0.0006657187026793541
22.64 0.0007431188100647083
22.66 0.0008318780815296405
22.68 0.0009173669416202545
22.70 0.0009875037819573568
22.72 0.0010443928903428668
22.74 0.0010991683143215813
22.76 0.0011647423301956036
22.78 0.0012578099221818295
22.80 0.0013975649178662997
22.82 0.001602372756821342
22.84 0.0018900586798017934
22.86 0.002278431141125524
22.88 0.0027831939129630335
22.90 0.0034177141450829262
22.92 0.004200460970910016
22.94 0.005152912653272495
22.96 0.006263867095604842
22.98 0.007459436295035274
23.00 0.00865308045680125
23.02 0.009835689973106585
23.04 0.011028201330606004
23.06 0.012154609385025744
23.08 0.01305515014934109
23.10 0.013591454645833093
23.12 0.01366016339759798
23.14 0.013204592385535459
23.16 0.012351996333088538
23.18 0.01137025722709652
23.20 0.010504975780988428
23.22 0.00996725337913571
23.24 0.00991717656132597
23.26 0.010389500699714428
23.28 0.011233864696253338
23.30 0.012093138211045023
23.32 0.012554601490717352
23.34 0.012464678314316026
23.36 0.011941573558343061
23.38 0.011137609252963494
23.40 0.010170802759666048
23.42 0.009165552862331134
23.44 0.008219219404289482
23.46 0.0073991864110163
23.48 0.006721181779852928
23.50 0.006157407903808272
23.52 0.005693332423658075
23.54 0.005362461441363997
23.56 0.005207701973977066
23.58 0.005244725430013425
23.60 0.005457028100809969
23.62 0.005764566784766497
23.64 0.0059975473756651845
23.66 0.005986213106431409
23.68 0.005700860423946989
23.70 0.005216704603700207
23.72 0.004608895445197042
23.74 0.003966603912142749
23.76 0.0033956715962012497
23.78 0.0029697860246233033
23.80 0.002718489561258618
23.82 0.002646563114412255
23.84 0.002748813885810002
23.86 0.0030119361579595714
23.88 0.0034084276103691037
23.90 0.0038900881724836423
23.92 0.004378499518633911
23.94 0.0047605880310903495
23.96 0.004943151341158157
23.98 0.00492086049068115
24.00 0.004749648072257894
24.02 0.0044988945165381974
24.04 0.004249689571225091
24.06 0.004080824215311544
24.08 0.004028642182876068
24.10 0.0040596203150134935
24.12 0.004086443113468639
24.14 0.004043273501768257
24.16 0.003944352764213945
24.18 0.003840868598732129
24.20 0.003781582369429259
24.22 0.0038272474967634756
24.24 0.004034505661480219
24.26 0.004412788517924219
24.28 0.0048903931817571794
24.30 0.005308461461332432
24.32 0.0055042363745890855
24.34 0.005445235860945754
24.36 0.005208504236931004
24.38 0.004871141533628732
24.40 0.0045144537632222535
24.42 0.004239333111700506
24.44 0.004122052979161395
24.46 0.004201335134994196
24.48 0.0044999273979370825
24.50 0.00503342197652766
24.52 0.005804596914762429
24.54 0.006780322568694668
24.56 0.007859414104117836
24.58 0.008918773441480298
24.60 0.009933727860722157
24.62 0.010944533437948338
24.64 0.01186770922951876
24.66 0.01244991217779461
24.68 0.012463851005840779
24.70 0.011934659522220009
24.72 0.011046462899530674
24.74 0.009930614430255842
24.76 0.008716925506578228
24.78 0.0075716817352217865
24.80 0.0065858126220812
24.82 0.005747131749933345
24.84 0.005019617417369301
24.86 0.0043724552964439205
24.88 0.003781565891907114
24.90 0.003244263092642122
24.92 0.002774083634026835
24.94 0.0023843395267385725
24.96 0.002085297745788421
24.98 0.0018825915215752056
25.00 0.0017767769739165488
25.02 0.0017669458016896736
25.04 0.0018536159250702076
25.06 0.0020379343321338004
25.08 0.002315638284349068
25.10 0.0026689635920961368
25.12 0.00307060423400682
25.14 0.0035056388913952156
25.16 0.003967009037846164
25.18 0.004409423470794052
25.20 0.004746674451118009
25.22 0.004929086811831816
25.24 0.004994786376957952
25.26 0.005026052414087625
25.28 0.005099530090959009
25.30 0.005281376105061796
25.32 0.005607044541816644
25.34 0.006024499219922666
25.36 0.006375642213150201
25.38 0.006499882689689303
25.40 0.0063655705518600595
25.42 0.0060367890780855925
25.44 0.005588851742815127
25.46 0.005115189868764325
25.48 0.004726055603790441
25.50 0.004503206770136176
25.52 0.004477547985058724
25.54 0.004652139930691476
25.56 0.0050269819556369374
25.58 0.005572150820846828
25.60 0.006180497788039691
25.62 0.006671576014302689
25.64 0.006872753848710905
25.66 0.0067211210549911445
25.68 0.006271873052790318
25.70 0.005617207378424741
25.72 0.004850999019763246
25.74 0.004080741827681216
25.76 0.0034038367429612337
25.78 0.002871674840180065
25.80 0.002483502145409127
25.82 0.0021994751971681865
25.84 0.001972329078478193
25.86 0.0017794254312344382
25.88 0.001622217032277878
25.90 0.0015037920089060182
25.92 0.0014299856295524201
25.94 0.0014128940476249815
25.96 0.0014581417764811583
25.98 0.0015492915722965777
26.00 0.001642449246220147
26.02 0.0016858857668329188
26.04 0.0016613649351453828
26.06 0.001584736134086155
26.08 0.0014785818168990131
26.10 0.0013661320656806638
26.12 0.00128084398461384
26.14 0.001257059626118944
26.16 0.0013185077606898711
26.18 0.0014739454830306829
26.20 0.0017116700040556037
26.22 0.001989646773554648
26.24 0.0022377173060223504
26.26 0.0023921808154197107
26.28 0.0024229070130073614
26.30 0.0023203713255639863
26.32 0.0020990569884017504
26.34 0.0018040018423668225
26.36 0.0014829961229621306
26.38 0.0011719300841147935
26.40 0.0008999736874282145
26.42 0.0006854749933733378
26.44 0.000533035817766808
26.46 0.000438543928320505
26.48 0.00039452514082301786
26.50 0.0003914936137853501
26.52 0.00041563188666379904
26.54 0.0004453177138220344
26.56 0.0004556030427944186
26.58 0.00043448449320104945
26.60 0.0003882988042518399
26.62 0.0003262170345697695
26.64 0.00025159564104072025
26.66 0.00017586101243504543
26.68 0.00010954454856497546
26.70 5.817115731769224e-05
26.72 2.341319732466296e-05
26.74 4.46275356299328e-06
26.76 0.0
26.78 9.221143180777632e-06
26.80 3.233353176690342e-05
26.82 7.084003507232282e-05
26.84 0.0001276805968253577
26.86 0.00020725127950049017
26.88 0.0003151584224051565
26.90 0.000457413823433121
26.92 0.0006380562813350516
26.94 0.000854632510056352
26.96 0.0010942997144645574
26.98 0.0013424409232011712
27.00 0.0015999502855819116
27.02 0.0018767946031448247
27.04 0.002158708887163257
27.06 0.0023990446806072424
27.08 0.002546371920026155
27.10 0.0025756175550403766
27.12 0.0025003083417917235
27.14 0.002357887821643818
27.16 0.002182404140746657
27.18 0.0020004973539040076
27.20 0.0018427093402186825
27.22 0.0017386909124064312
27.24 0.0017019572534513656
27.26 0.0017288655380127205
27.28 0.0018186887980751545
27.30 0.0019885888398394696
27.32 0.002261587266993841
27.34 0.0026492481934190233
27.36 0.003141288718162736
27.38 0.0036817570227386438
27.40 0.004148965553492121
27.42 0.004404984557896459
27.44 0.00440006444460943
27.46 0.004187462635412189
27.48 0.0038365244889723552
27.50 0.0033977749753217965
27.52 0.002936571552143811
27.54 0.0025313987988011114
27.56 0.002239111352626301
27.58 0.002083661190847723
27.60 0.002067533344357213
27.62 0.002181915470583291
27.64 0.002406577992785421
27.66 0.002705489289555216
27.68 0.0030327572606423164
27.70 0.0033515359280283812
27.72 0.0036426135288929232
27.74 0.0039013273626117267
27.76 0.0041405298357614076
27.78 0.0043737751902517
27.80 0.004579053493791353
27.82 0.004706434317491201
27.84 0.004735687916414131
27.86 0.004708746356176738
27.88 0.0046987538397501635
27.90 0.004772953344226
27.92 0.005000782306495061
27.94 0.005468186799880801
27.96 0.006257414593291352
27.98 0.0074101898516296715
28.00 0.008884645035609798
28.02 0.010502589654474164
28.04 0.011936592614870614
28.06 0.01282343578698095
28.08 0.012988848528172997
28.10 0.012527013594985788
28.12 0.011633545695342298
28.14 0.010447665182081588
28.16 0.009121776372187598
28.18 0.007859333851714057
28.20 0.006823225788314162
28.22 0.0060848046844956625
28.24 0.005649347297663669
28.26 0.005481954499552475
28.28 0.005533995154254638
28.30 0.005781268542457149
28.32 0.006226171799139454
28.34 0.006858189766391884
28.36 0.007626285486693633
28.38 0.008411251362074691
28.40 0.0090181184525505
28.42 0.009292776371355482
28.44 0.009265788221576253
28.46 0.009053448483236849
28.48 0.00872693640639949
28.50 0.008349255220229654
28.52 0.008018851216809038
28.54 0.007825733822222009
28.56 0.007843231652303308
28.58 0.008105720194478108
28.60 0.008570279903770218
28.62 0.009078137519522645
28.64 0.009377438289332482
28.66 0.009290174703498084
28.68 0.008858594099720517
28.70 0.008225823184304742
28.72 0.0074755548006327196
28.74 0.006676350982353481
28.76 0.0059536430626688135
28.78 0.005440704933229179
28.80 0.005220746706088932
28.82 0.005323352755375812
28.84 0.005734786257075841
28.86 0.006386776899640837
28.88 0.007130643068490333
28.90 0.007757167821945611
28.92 0.008118203467465076
28.94 0.008229872786980232
28.96 0.00816664014653295
28.98 0.007920743409057626
29.00 0.0074492205679561364
29.02 0.006776997291803941
29.04 0.006002997835921023
29.06 0.005231357898282676
29.08 0.0045142989947105855
29.10 0.003864142312248156
29.12 0.0032969965532026265
29.14 0.002833023283938981
29.16 0.0024800425496583
29.18 0.002235986890654139
29.20 0.002095115794425661
29.22 0.0020513665300777974
29.24 0.0021038575500046393
29.26 0.0022607041494664888
29.28 0.002538842430204408
29.30 0.002962522881231921
29.32 0.0035557972905323415
29.34 0.0043277055205892595
29.36 0.005263711859059152
29.38 0.00633786097748405
29.40 0.007508734803968807
29.42 0.008638092165501477
29.44 0.009437732016225102
29.46 0.00964734043962323
29.48 0.009299184745739151
29.50 0.008612977529110598
29.52 0.007723215798343975
29.54 0.0066753667727385375
29.56 0.00557196681549344
29.58 0.004548823652966717
29.60 0.0036852328633244363
29.62 0.0030002217154354366
29.64 0.002482239504807623
29.66 0.002105704071476765
29.68 0.0018446453421580983
29.70 0.0016839638581949846
29.72 0.0016200885520885687
29.74 0.0016572703091283058
29.76 0.0018061646245490777
29.78 0.0020829257551363213
29.80 0.002505543766660756
29.82 0.0030868551342896787
29.84 0.003823184090949844
29.86 0.0046706234730167434
29.88 0.005501128313481357
29.90 0.006097013851363251
29.92 0.0062865850663033065
29.94 0.006095393265238414
29.96 0.005654371414058516
29.98 0.005034279187810369
30.00 0.004271354433272067